//home/jhaaga/ML2FinalProject$ python dropoutsearch.py
Using downloaded and verified file: /home/jhaaga/ML2FinalProject/train_32x32.mat
Using downloaded and verified file: /home/jhaaga/ML2FinalProject/test_32x32.mat
(73257, 26032)
(7000, 66257)
('epoch ', 0)
84.8252308369 seconds
alpha=0.001,0.2 dropout
<torchvision.datasets.svhn.SVHN object at 0x7f7fa1d04c50>
             precision    recall  f1-score   support

          0       0.88      0.86      0.87      1744
          1       0.92      0.94      0.93      5099
          2       0.93      0.92      0.93      4149
          3       0.85      0.84      0.84      2882
          4       0.90      0.89      0.89      2523
          5       0.84      0.87      0.86      2384
          6       0.85      0.82      0.83      1977
          7       0.91      0.90      0.90      2019
          8       0.86      0.75      0.80      1660
          9       0.76      0.86      0.81      1595

avg / total       0.88      0.88      0.88     26032

0.88049323909
Predicted     0     1     2     3     4     5     6     7     8     9
Actual
0          1492    32    15    32     8     8    67     8     8    74
1            48  4799    31    26    80    13    13    66    17     6
2             7    50  3823    59    42    33    12    46    25    52
3            11    68    49  2426    17   114    24    15    51   107
4            20    94    29    38  2247    21    15    12    14    33
5             9    16    18   117    21  2078    68    10    15    32
6            38    35     9    30    42    91  1624    12    62    34
7             6    84    47    24     7    23     3  1812     4     9
8            25    19    13    93    25    56    88     1  1252    88
9            38    24    67    24    10    34     7    12    11  1368
('epoch ', 0)
84.31696105 seconds
alpha=0.001,0.21000000000000002 dropout
<torchvision.datasets.svhn.SVHN object at 0x7f7fa1d04c50>
             precision    recall  f1-score   support

          0       0.91      0.84      0.87      1744
          1       0.92      0.94      0.93      5099
          2       0.91      0.92      0.91      4149
          3       0.85      0.82      0.83      2882
          4       0.93      0.88      0.90      2523
          5       0.83      0.89      0.86      2384
          6       0.82      0.85      0.84      1977
          7       0.92      0.89      0.91      2019
          8       0.84      0.78      0.81      1660
          9       0.77      0.85      0.81      1595

avg / total       0.88      0.88      0.88     26032

0.879571296865
Predicted     0     1     2     3     4     5     6     7     8     9
Actual
0          1465    31    33    18     6    12    94     8    14    63
1            37  4796    47    39    57    18    21    51    25     8
2             6    40  3809    75    33    37    18    51    42    38
3             9    54    67  2356    10   136    27    10    61   152
4            15    85    37    41  2210    35    29    12    27    32
5             8    18    20    87    20  2122    63     5    16    25
6            24    36    12    37    25    89  1682     6    48    18
7             8    97    42    19     3    29     4  1800     1    16
8            14    20    24    79    19    53    91     2  1302    56
9            29    19    86    24     5    36    10    10    21  1355
('epoch ', 0)
84.3019909859 seconds
alpha=0.001,0.22000000000000003 dropout
<torchvision.datasets.svhn.SVHN object at 0x7f7fa1d04c50>
             precision    recall  f1-score   support

          0       0.88      0.84      0.86      1744
          1       0.94      0.93      0.93      5099
          2       0.92      0.92      0.92      4149
          3       0.83      0.86      0.84      2882
          4       0.93      0.88      0.90      2523
          5       0.84      0.88      0.86      2384
          6       0.85      0.82      0.83      1977
          7       0.88      0.92      0.90      2019
          8       0.86      0.80      0.82      1660
          9       0.80      0.83      0.81      1595

avg / total       0.88      0.88      0.88     26032

0.881952980947
Predicted     0     1     2     3     4     5     6     7     8     9
Actual
0          1471    24    29    26     4    10    83    14    10    73
1            61  4738    43    48    61    18    15   100     9     6
2            11    34  3818    83    32    40    12    59    27    33
3             9    50    62  2487     9    87    17    22    51    88
4            21    70    36    42  2221    37    21    19    16    40
5             9    14    23   135    15  2088    60     6    16    18
6            30    28    10    44    27   103  1626    10    73    26
7             4    66    30    17     3    11     8  1867     2    11
8            21    13    25    91    17    57    67     5  1320    44
9            41    22    91    36    12    32     9    11    18  1323
('epoch ', 0)
84.1511778831 seconds
alpha=0.001,0.23000000000000004 dropout
<torchvision.datasets.svhn.SVHN object at 0x7f7fa1d04c50>
             precision    recall  f1-score   support

          0       0.89      0.87      0.88      1744
          1       0.90      0.95      0.93      5099
          2       0.92      0.93      0.92      4149
          3       0.88      0.80      0.84      2882
          4       0.92      0.87      0.90      2523
          5       0.84      0.89      0.87      2384
          6       0.83      0.85      0.84      1977
          7       0.91      0.91      0.91      2019
          8       0.90      0.74      0.81      1660
          9       0.76      0.85      0.80      1595

avg / total       0.88      0.88      0.88     26032

0.882913337431
Predicted     0     1     2     3     4     5     6     7     8     9
Actual
0          1516    37    30    14     7     8    63    13     4    52
1            41  4868    31    20    44     9    14    58     5     9
2             4    54  3851    55    38    32    22    47    13    33
3            11    89    73  2316    16   142    27    18    52   138
4            18   136    35    26  2199    24    23    14     8    40
5             9    24    20    71    22  2123    64     4    13    34
6            37    41     8    30    27    88  1681     9    31    25
7             7    90    39    10     5    13     5  1838     3     9
8            29    23    28    68    19    55   116     5  1236    81
9            39    29    81    18     5    26    17    12    12  1356
('epoch ', 0)
83.9743180275 seconds
alpha=0.001,0.24000000000000005 dropout
<torchvision.datasets.svhn.SVHN object at 0x7f7fa1d04c50>
             precision    recall  f1-score   support

          0       0.90      0.84      0.87      1744
          1       0.92      0.94      0.93      5099
          2       0.93      0.91      0.92      4149
          3       0.81      0.86      0.84      2882
          4       0.90      0.89      0.90      2523
          5       0.85      0.88      0.87      2384
          6       0.85      0.83      0.84      1977
          7       0.90      0.92      0.91      2019
          8       0.89      0.74      0.81      1660
          9       0.78      0.86      0.82      1595

avg / total       0.88      0.88      0.88     26032

0.882145052243
Predicted     0     1     2     3     4     5     6     7     8     9
Actual
0          1467    36    24    29     6     6    76    15    13    72
1            38  4808    32    54    58    10    14    69    11     5
2             7    57  3767   111    44    38    11    57    20    37
3             9    53    48  2488    17    81    16    20    41   109
4            14   106    25    45  2242    26    10    14     7    34
5             6    15    16   119    32  2098    48    11    17    22
6            31    35    11    43    39    94  1647    11    35    31
7             5    74    30    21     6    19     2  1850     2    10
8            23    19    18   116    28    69    97     3  1226    61
9            34    21    64    37    11    25    10    13     9  1371
('epoch ', 0)
84.1032090187 seconds
alpha=0.001,0.25000000000000006 dropout
<torchvision.datasets.svhn.SVHN object at 0x7f7fa1d04c50>
             precision    recall  f1-score   support

          0       0.90      0.85      0.87      1744
          1       0.92      0.95      0.94      5099
          2       0.93      0.92      0.92      4149
          3       0.85      0.83      0.84      2882
          4       0.91      0.89      0.90      2523
          5       0.85      0.88      0.86      2384
          6       0.82      0.85      0.84      1977
          7       0.89      0.92      0.91      2019
          8       0.89      0.73      0.80      1660
          9       0.77      0.85      0.81      1595

avg / total       0.88      0.88      0.88     26032

0.883066994468
Predicted     0     1     2     3     4     5     6     7     8     9
Actual
0          1488    28    17    16    12    12    81    15    14    61
1            34  4825    24    37    60     9    14    74    13     9
2             5    51  3808    68    45    34    15    64    17    42
3            13    58    50  2406    19   111    23    20    47   135
4            15    97    30    31  2245    24    14    19     9    39
5             8    17    16   100    20  2100    73    11    12    27
6            30    30    10    35    30    89  1686     8    36    23
7             7    72    31    14     7    11     5  1862     1     9
8            24    19    20    98    24    72   126     6  1217    54
9            34    24    81    32    12    22    15    16     8  1351
('epoch ', 0)
83.7383549213 seconds
alpha=0.001,0.26000000000000006 dropout
<torchvision.datasets.svhn.SVHN object at 0x7f7fa1d04c50>
             precision    recall  f1-score   support

          0       0.87      0.87      0.87      1744
          1       0.89      0.95      0.92      5099
          2       0.92      0.92      0.92      4149
          3       0.87      0.82      0.85      2882
          4       0.92      0.88      0.90      2523
          5       0.86      0.89      0.87      2384
          6       0.82      0.85      0.84      1977
          7       0.90      0.91      0.90      2019
          8       0.89      0.73      0.80      1660
          9       0.78      0.84      0.81      1595

avg / total       0.88      0.88      0.88     26032

0.882029809465
Predicted     0     1     2     3     4     5     6     7     8     9
Actual
0          1522    46    19    12     4     7    65    18    11    40
1            46  4845    30    19    49     9    20    60    14     7
2            10    64  3828    51    37    31    25    57    13    33
3             9   109    63  2363    17    98    34    15    46   128
4            20   127    30    28  2227    17    15    12     9    38
5            10    29    23    81    15  2110    64     4    10    38
6            37    34     8    28    34    86  1689     9    31    21
7             7   100    36    12     4    16     6  1828     1     9
8            32    33    24    80    25    57   132     4  1216    57
9            49    27    79    28     7    31    13    16    12  1333
('epoch ', 0)
84.0652198792 seconds
alpha=0.001,0.2700000000000001 dropout
<torchvision.datasets.svhn.SVHN object at 0x7f7fa1d04c50>
             precision    recall  f1-score   support

          0       0.86      0.88      0.87      1744
          1       0.89      0.95      0.92      5099
          2       0.92      0.92      0.92      4149
          3       0.86      0.83      0.85      2882
          4       0.90      0.88      0.89      2523
          5       0.87      0.87      0.87      2384
          6       0.85      0.83      0.84      1977
          7       0.88      0.92      0.90      2019
          8       0.90      0.73      0.80      1660
          9       0.80      0.83      0.81      1595

avg / total       0.88      0.88      0.88     26032

0.880224339275
Predicted     0     1     2     3     4     5     6     7     8     9
Actual
0          1527    40    24    16     6     8    53    20     6    44
1            46  4861    30    15    44     9    10    75     4     5
2             7    68  3826    53    51    23    13    62    16    30
3            10    98    71  2401    24    78    24    35    42    99
4            21   136    29    28  2211    24    11    17     7    39
5             8    29    24   118    26  2064    68    10    12    25
6            47    48     8    35    51    81  1637    15    33    22
7             8    96    31     8     5     9     3  1855     0     4
8            34    28    29    91    31    59   104     3  1208    73
9            62    28    81    19    14    28     9    15    15  1324
('epoch ', 0)
83.9617419243 seconds
alpha=0.001,0.2800000000000001 dropout
<torchvision.datasets.svhn.SVHN object at 0x7f7fa1d04c50>
             precision    recall  f1-score   support

          0       0.92      0.83      0.87      1744
          1       0.92      0.95      0.93      5099
          2       0.92      0.92      0.92      4149
          3       0.86      0.83      0.84      2882
          4       0.92      0.88      0.90      2523
          5       0.83      0.90      0.86      2384
          6       0.82      0.84      0.83      1977
          7       0.92      0.90      0.91      2019
          8       0.86      0.77      0.81      1660
          9       0.75      0.86      0.80      1595

avg / total       0.88      0.88      0.88     26032

0.881299938537
Predicted     0     1     2     3     4     5     6     7     8     9
Actual
0          1441    31    34    23     6    11    93    10    19    76
1            40  4820    34    34    57    17    15    47    23    12
2             5    44  3816    77    29    51    12    44    22    49
3             7    62    61  2398    14   131    23    11    47   128
4            11    88    33    41  2213    26    25    10    18    58
5             5    15    27    70    18  2141    60     6    14    28
6            23    30    11    30    31   110  1653     4    59    26
7             4    98    46    16     5    20     3  1816     0    11
8            14    15    25    76    23    43   110     4  1279    71
9            21    22    73    29     9    35    13    16    12  1365
('epoch ', 0)
84.3085520267 seconds
alpha=0.001,0.2900000000000001 dropout
<torchvision.datasets.svhn.SVHN object at 0x7f7fa1d04c50>
             precision    recall  f1-score   support

          0       0.89      0.87      0.88      1744
          1       0.92      0.95      0.93      5099
          2       0.92      0.92      0.92      4149
          3       0.85      0.84      0.85      2882
          4       0.90      0.89      0.89      2523
          5       0.85      0.88      0.87      2384
          6       0.86      0.84      0.85      1977
          7       0.90      0.91      0.90      2019
          8       0.88      0.75      0.81      1660
          9       0.76      0.84      0.80      1595

avg / total       0.88      0.88      0.88     26032

0.883297480025
Predicted     0     1     2     3     4     5     6     7     8     9
Actual
0          1518    32    22    16     8     8    53    14    10    63
1            54  4822    29    24    65     9     9    72     8     7
2             7    45  3816    67    50    37    11    53    19    44
3             8    66    56  2422    25   103    22    18    37   125
4            18   102    37    36  2245    11    14    14    12    34
5            10    19    14    95    25  2102    64     6    15    34
6            33    35    10    36    42    86  1651     6    47    31
7             9    87    34    12     5    23     4  1833     2    10
8            18    14    26   103    28    61    91     4  1246    69
9            34    22    89    34     6    30     8    18    15  1339
('epoch ', 0)
83.9753849506 seconds
alpha=0.001,0.3000000000000001 dropout
<torchvision.datasets.svhn.SVHN object at 0x7f7fa1d04c50>
             precision    recall  f1-score   support

          0       0.87      0.86      0.86      1744
          1       0.92      0.95      0.93      5099
          2       0.93      0.91      0.92      4149
          3       0.86      0.83      0.85      2882
          4       0.92      0.87      0.90      2523
          5       0.82      0.90      0.86      2384
          6       0.80      0.86      0.83      1977
          7       0.89      0.91      0.90      2019
          8       0.90      0.73      0.81      1660
          9       0.80      0.84      0.82      1595

avg / total       0.88      0.88      0.88     26032

0.880262753534
Predicted     0     1     2     3     4     5     6     7     8     9
Actual
0          1503    34    22    10     7    14    86    19     4    45
1            48  4819    35    28    50    16    19    71     8     5
2             8    54  3765    89    40    42    22    75    26    28
3            10    65    55  2393    16   152    24    21    41   105
4            19   114    31    27  2203    35    30    14    11    39
5             7    17    16    85    16  2136    65     7    10    25
6            34    32     9    26    29    90  1704     5    26    22
7             8    79    32    17     4    25     3  1842     2     7
8            36    22    14    72    15    65   155     3  1217    61
9            60    26    69    25     8    34    11    19    10  1333
('epoch ', 0)
84.0305981636 seconds
alpha=0.001,0.3100000000000001 dropout
<torchvision.datasets.svhn.SVHN object at 0x7f7fa1d04c50>
             precision    recall  f1-score   support

          0       0.88      0.87      0.87      1744
          1       0.91      0.95      0.93      5099
          2       0.93      0.91      0.92      4149
          3       0.81      0.87      0.84      2882
          4       0.92      0.88      0.90      2523
          5       0.86      0.87      0.87      2384
          6       0.85      0.84      0.85      1977
          7       0.91      0.89      0.90      2019
          8       0.89      0.75      0.82      1660
          9       0.81      0.84      0.82      1595

avg / total       0.88      0.88      0.88     26032

0.883028580209
Predicted     0     1     2     3     4     5     6     7     8     9
Actual
0          1510    29    19    28     4     8    69     9    11    57
1            39  4856    26    38    51    10    15    52     8     4
2             5    52  3758   137    47    36    13    53    14    34
3            11    67    53  2504    13    73    20    16    38    87
4            21   115    29    39  2224    24    15    15    11    30
5             7    17    19   139    19  2081    58     5    14    25
6            38    32     8    43    29    88  1667    10    40    22
7             6   115    33    21     4    21     4  1807     1     7
8            31    26    21   122    17    49    94     4  1247    49
9            44    39    68    39     8    27    13    11    13  1333
('epoch ', 0)
84.1023910046 seconds
alpha=0.001,0.3200000000000001 dropout
<torchvision.datasets.svhn.SVHN object at 0x7f7fa1d04c50>
             precision    recall  f1-score   support

          0       0.88      0.86      0.87      1744
          1       0.91      0.94      0.93      5099
          2       0.93      0.93      0.93      4149
          3       0.85      0.84      0.85      2882
          4       0.91      0.89      0.90      2523
          5       0.86      0.87      0.86      2384
          6       0.85      0.84      0.85      1977
          7       0.90      0.91      0.91      2019
          8       0.87      0.78      0.82      1660
          9       0.78      0.85      0.82      1595

avg / total       0.89      0.89      0.89     26032

0.885679164106
Predicted     0     1     2     3     4     5     6     7     8     9
Actual
0          1498    33    26    20     6     7    68    14    12    60
1            54  4806    36    32    64     9     9    70    10     9
2             7    42  3852    62    37    30    14    49    21    35
3             7    74    63  2435    18    90    16    16    52   111
4            16   105    25    24  2249    17    15    14    16    42
5             8    17    18   124    22  2068    66     6    22    33
6            35    39     9    31    26   100  1668     4    43    22
7             8    92    36    14     8    15     2  1828     1    15
8            23    22    12    89    26    48    92     6  1289    53
9            37    24    83    30     6    18     8    13    13  1363
('epoch ', 0)
84.3980960846 seconds
alpha=0.001,0.3300000000000001 dropout
<torchvision.datasets.svhn.SVHN object at 0x7f7fa1d04c50>
             precision    recall  f1-score   support

          0       0.82      0.90      0.86      1744
          1       0.92      0.94      0.93      5099
          2       0.93      0.92      0.93      4149
          3       0.88      0.81      0.84      2882
          4       0.91      0.89      0.90      2523
          5       0.88      0.87      0.87      2384
          6       0.84      0.85      0.84      1977
          7       0.87      0.93      0.90      2019
          8       0.89      0.74      0.81      1660
          9       0.73      0.85      0.78      1595

avg / total       0.88      0.88      0.88     26032

0.881645666872
Predicted     0     1     2     3     4     5     6     7     8     9
Actual
0          1570    22    20     6     5     7    45    16    10    43
1            69  4789    33    24    53     8    12    95     7     9
2            14    48  3819    49    40    23    12    77    18    49
3            22    71    59  2337    14    94    30    32    44   179
4            28   103    25    20  2240    13    16    17    10    51
5            17    20    20    81    28  2068    74     9    17    50
6            66    31     9    23    38    63  1671    11    41    24
7             8    65    27    13     6     9     4  1875     0    12
8            50    21    18    81    26    41   105     6  1228    84
9            61    21    77    20     7    20    10    17     8  1354
('epoch ', 0)
84.4170441628 seconds
alpha=0.001,0.34000000000000014 dropout
<torchvision.datasets.svhn.SVHN object at 0x7f7fa1d04c50>
             precision    recall  f1-score   support

          0       0.87      0.87      0.87      1744
          1       0.92      0.94      0.93      5099
          2       0.93      0.91      0.92      4149
          3       0.85      0.83      0.84      2882
          4       0.90      0.88      0.89      2523
          5       0.87      0.86      0.86      2384
          6       0.80      0.85      0.83      1977
          7       0.89      0.91      0.90      2019
          8       0.84      0.76      0.80      1660
          9       0.77      0.85      0.81      1595

avg / total       0.88      0.88      0.88     26032

0.877957897972
Predicted     0     1     2     3     4     5     6     7     8     9
Actual
0          1514    31    19    15     7     9    79     8    14    48
1            46  4775    34    40    77    15    18    70    17     7
2            14    47  3768    84    46    32    16    60    38    44
3             9    70    57  2385    16    87    29    17    64   148
4            18   104    20    30  2228    26    29    20    18    30
5             8    20    20   106    20  2044   105     6    25    30
6            39    32     8    28    38    63  1688    12    45    24
7            11    89    30    12     7    20     5  1831     3    11
8            36    18    17    69    24    40   119     6  1269    62
9            53    22    69    25     6    25    14    16    12  1353
('epoch ', 0)
84.3469541073 seconds
alpha=0.001,0.35000000000000014 dropout
<torchvision.datasets.svhn.SVHN object at 0x7f7fa1d04c50>
             precision    recall  f1-score   support

          0       0.88      0.89      0.88      1744
          1       0.89      0.95      0.92      5099
          2       0.95      0.90      0.92      4149
          3       0.85      0.84      0.85      2882
          4       0.92      0.86      0.89      2523
          5       0.86      0.88      0.87      2384
          6       0.89      0.83      0.86      1977
          7       0.87      0.92      0.89      2019
          8       0.90      0.78      0.83      1660
          9       0.76      0.87      0.81      1595

avg / total       0.89      0.88      0.88     26032

0.884373079287
Predicted     0     1     2     3     4     5     6     7     8     9
Actual
0          1545    36    10    12     4     7    41    21     9    59
1            42  4867    17    25    43     7     9    72     7    10
2             8    81  3735    79    40    33     9   100    20    44
3             9    88    40  2429    15    98    22    21    34   126
4            25   160    22    28  2180    20    13    20     8    47
5             9    28    15   109    22  2093    46     8    16    38
6            53    41     9    35    32    84  1638    14    43    28
7             6    87    21    19     4    13     2  1858     1     8
8            25    28    13    85    21    58    64     3  1289    74
9            40    25    52    20     7    26     6    18    13  1388
('epoch ', 0)
84.3598270416 seconds
alpha=0.001,0.36000000000000015 dropout
<torchvision.datasets.svhn.SVHN object at 0x7f7fa1d04c50>
             precision    recall  f1-score   support

          0       0.89      0.86      0.87      1744
          1       0.92      0.95      0.93      5099
          2       0.92      0.92      0.92      4149
          3       0.85      0.86      0.85      2882
          4       0.93      0.88      0.90      2523
          5       0.83      0.90      0.86      2384
          6       0.87      0.82      0.85      1977
          7       0.91      0.90      0.91      2019
          8       0.86      0.77      0.81      1660
          9       0.80      0.84      0.82      1595

avg / total       0.89      0.88      0.88     26032

0.884718807621
Predicted     0     1     2     3     4     5     6     7     8     9
Actual
0          1494    31    29    18     4    13    68     9    11    67
1            50  4833    35    26    57     8    11    63     9     7
2             6    52  3815    83    32    35    11    50    25    40
3             7    57    58  2470    12   108    19    12    49    90
4            18   113    39    42  2209    28    16    15    15    28
5             5    23    21    89    18  2138    40     6    22    22
6            30    39     9    38    31   128  1619     8    59    16
7             4    87    47    17     6    18     3  1825     2    10
8            24    18    20    96    12    90    59     4  1283    54
9            35    25    84    32     7    23     8    15    21  1345
('epoch ', 0)
84.4180099964 seconds
alpha=0.001,0.37000000000000016 dropout
<torchvision.datasets.svhn.SVHN object at 0x7f7fa1d04c50>
             precision    recall  f1-score   support

          0       0.88      0.86      0.87      1744
          1       0.90      0.95      0.93      5099
          2       0.93      0.92      0.92      4149
          3       0.86      0.84      0.85      2882
          4       0.90      0.89      0.89      2523
          5       0.86      0.87      0.87      2384
          6       0.86      0.82      0.84      1977
          7       0.89      0.90      0.90      2019
          8       0.89      0.75      0.81      1660
          9       0.76      0.85      0.80      1595

avg / total       0.88      0.88      0.88     26032

0.881568838353
Predicted     0     1     2     3     4     5     6     7     8     9
Actual
0          1508    31    25    14     5    10    54    15    13    69
1            42  4836    32    28    53     9    12    73     8     6
2             7    62  3817    48    49    34    10    66     7    49
3            12    85    60  2416    21    84    22    16    46   120
4            20   109    34    29  2235    14    17    18    11    36
5            11    24    15   113    28  2078    54     8    18    35
6            43    44    10    32    42    92  1627    11    49    27
7             5   103    31    14     6    17     5  1827     0    11
8            31    33    21    83    28    52    86     4  1251    71
9            36    26    80    21    13    27    13    17     8  1354
('epoch ', 0)
84.4445519447 seconds
alpha=0.001,0.38000000000000017 dropout
<torchvision.datasets.svhn.SVHN object at 0x7f7fa1d04c50>
             precision    recall  f1-score   support

          0       0.85      0.88      0.87      1744
          1       0.91      0.95      0.93      5099
          2       0.93      0.92      0.93      4149
          3       0.84      0.85      0.85      2882
          4       0.92      0.88      0.90      2523
          5       0.86      0.87      0.87      2384
          6       0.87      0.81      0.84      1977
          7       0.90      0.91      0.91      2019
          8       0.87      0.77      0.82      1660
          9       0.78      0.86      0.82      1595

avg / total       0.88      0.88      0.88     26032

0.883835279656
Predicted     0     1     2     3     4     5     6     7     8     9
Actual
0          1537    35    20    22     5     5    53    19    10    38
1            56  4847    28    29    50     7     9    62     5     6
2             7    60  3811    67    35    31    11    63    26    38
3             9    75    60  2445    11    79    16    19    48   120
4            26   116    35    39  2208    16    10    10    13    50
5            11    21    19   121    19  2068    61     9    18    37
6            66    43     9    37    30   105  1595     9    58    25
7            10    97    25    13     4    13     2  1847     1     7
8            35    24    19    99    17    45    65     5  1286    65
9            45    25    64    27    10    23    12    14    11  1364
('epoch ', 0)
84.6772100925 seconds
alpha=0.001,0.3900000000000002 dropout
<torchvision.datasets.svhn.SVHN object at 0x7f7fa1d04c50>
             precision    recall  f1-score   support

          0       0.90      0.86      0.88      1744
          1       0.90      0.95      0.93      5099
          2       0.92      0.93      0.93      4149
          3       0.85      0.84      0.84      2882
          4       0.91      0.88      0.90      2523
          5       0.86      0.88      0.87      2384
          6       0.83      0.85      0.84      1977
          7       0.89      0.91      0.90      2019
          8       0.89      0.73      0.81      1660
          9       0.81      0.82      0.82      1595

avg / total       0.88      0.88      0.88     26032

0.883681622618
Predicted     0     1     2     3     4     5     6     7     8     9
Actual
0          1496    46    17    18    12     7    74    19    12    43
1            39  4868    27    27    47     5    12    63     5     6
2             6    43  3871    64    39    26    11    53    16    20
3             9    81    70  2423    16    96    27    25    43    92
4            11   152    26    22  2222    14    17    14    12    33
5             6    20    20   111    22  2089    71     7    14    24
6            33    37     8    36    35    86  1676     7    35    24
7             5    96    39    15     5    17     6  1831     0     5
8            26    23    17   115    28    64   112     4  1220    51
9            39    29   104    32    10    28    11    25     9  1308
('epoch ', 0)
84.5076990128 seconds
alpha=0.001,0.4000000000000002 dropout
<torchvision.datasets.svhn.SVHN object at 0x7f7fa1d04c50>
             precision    recall  f1-score   support

          0       0.89      0.85      0.87      1744
          1       0.92      0.95      0.93      5099
          2       0.93      0.93      0.93      4149
          3       0.85      0.84      0.85      2882
          4       0.92      0.87      0.89      2523
          5       0.87      0.87      0.87      2384
          6       0.84      0.84      0.84      1977
          7       0.91      0.91      0.91      2019
          8       0.86      0.80      0.83      1660
          9       0.77      0.86      0.81      1595

avg / total       0.89      0.89      0.89     26032

0.886178549478
Predicted     0     1     2     3     4     5     6     7     8     9
Actual
0          1488    35    22    22     7     5    73    11    18    63
1            39  4819    37    35    63     9    13    64    12     8
2             4    42  3851    59    38    29    12    47    26    41
3            12    58    54  2429    13    83    27    23    52   131
4            20   118    38    31  2197    23    19    14    16    47
5             6    22    24   105    17  2081    74     3    19    33
6            35    35     9    32    24    88  1665     6    57    26
7             7    73    41    14     7    14     3  1846     3    11
8            27    20    17    91    20    27    76     6  1328    48
9            34    24    68    25     9    26    11    17    16  1365
('epoch ', 0)
84.4960050583 seconds
alpha=0.001,0.4100000000000002 dropout
<torchvision.datasets.svhn.SVHN object at 0x7f7fa1d04c50>
             precision    recall  f1-score   support

          0       0.88      0.88      0.88      1744
          1       0.92      0.95      0.93      5099
          2       0.94      0.91      0.92      4149
          3       0.82      0.87      0.84      2882
          4       0.91      0.88      0.90      2523
          5       0.88      0.86      0.87      2384
          6       0.84      0.85      0.85      1977
          7       0.90      0.91      0.91      2019
          8       0.87      0.76      0.81      1660
          9       0.77      0.86      0.81      1595

avg / total       0.89      0.88      0.88     26032

0.884680393362
Predicted     0     1     2     3     4     5     6     7     8     9
Actual
0          1531    28    16    19     5    12    59    14    11    49
1            44  4833    25    39    59     6    15    60     9     9
2             6    48  3757   110    41    31    12    60    29    55
3            10    54    41  2493    17    66    20    18    48   115
4            24   107    19    43  2219    15    19    14    12    51
5            10    17    10   144    19  2050    75     7    18    34
6            30    36     6    39    30    76  1681     8    48    23
7             4    84    29    23     6    18     4  1836     1    14
8            27    18    17    95    22    44   102     4  1261    70
9            45    16    67    30    11    23    10    11    13  1369
('epoch ', 0)
84.5845098495 seconds
alpha=0.001,0.4200000000000002 dropout
<torchvision.datasets.svhn.SVHN object at 0x7f7fa1d04c50>
             precision    recall  f1-score   support

          0       0.89      0.86      0.88      1744
          1       0.91      0.95      0.93      5099
          2       0.93      0.91      0.92      4149
          3       0.82      0.86      0.84      2882
          4       0.90      0.89      0.90      2523
          5       0.87      0.87      0.87      2384
          6       0.88      0.81      0.84      1977
          7       0.89      0.91      0.90      2019
          8       0.87      0.77      0.82      1660
          9       0.81      0.84      0.82      1595

avg / total       0.88      0.88      0.88     26032

0.883335894284
Predicted     0     1     2     3     4     5     6     7     8     9
Actual
0          1499    38    25    30     6     8    49    12    19    58
1            37  4829    29    29    64     7    10    81    10     3
2             6    53  3795    90    48    28    13    61    19    36
3             8    71    54  2484    18    80    19    20    49    79
4            17   120    30    38  2254    13     5    15    15    16
5            10    26    15   137    20  2064    47     7    16    42
6            39    36    10    50    46    99  1606    11    53    27
7             2    93    35    13     5    14     3  1844     1     9
8            20    24    18   117    29    47    67     5  1279    54
9            40    28    81    40     8    25     6    13    13  1341
('epoch ', 0)
84.5996289253 seconds
alpha=0.001,0.4300000000000002 dropout
<torchvision.datasets.svhn.SVHN object at 0x7f7fa1d04c50>
             precision    recall  f1-score   support

          0       0.89      0.84      0.87      1744
          1       0.92      0.94      0.93      5099
          2       0.91      0.93      0.92      4149
          3       0.84      0.86      0.85      2882
          4       0.93      0.87      0.90      2523
          5       0.87      0.87      0.87      2384
          6       0.83      0.85      0.84      1977
          7       0.92      0.90      0.91      2019
          8       0.85      0.79      0.82      1660
          9       0.79      0.85      0.82      1595

avg / total       0.89      0.89      0.89     26032

0.885640749846
Predicted     0     1     2     3     4     5     6     7     8     9
Actual
0          1470    31    29    19     3     8    80     9    17    78
1            49  4812    49    31    57     7    13    56    16     9
2             4    41  3866    73    32    21    13    37    20    42
3             9    48    63  2479    14    72    28    13    71    85
4            18   111    39    44  2190    20    30    13    18    40
5             6    14    29   121    14  2083    68     6    21    22
6            26    35    11    42    21    97  1680     7    41    17
7             9    84    53    27     4    15     5  1810     3     9
8            18    13    18    84    11    53    91     3  1316    53
9            36    21    84    29     6    31     9    10    20  1349
('epoch ', 0)
84.3911991119 seconds
alpha=0.001,0.4400000000000002 dropout
<torchvision.datasets.svhn.SVHN object at 0x7f7fa1d04c50>
             precision    recall  f1-score   support

          0       0.88      0.85      0.87      1744
          1       0.92      0.94      0.93      5099
          2       0.92      0.93      0.92      4149
          3       0.84      0.86      0.85      2882
          4       0.92      0.87      0.90      2523
          5       0.82      0.89      0.85      2384
          6       0.88      0.81      0.84      1977
          7       0.92      0.90      0.91      2019
          8       0.87      0.77      0.82      1660
          9       0.76      0.86      0.81      1595

avg / total       0.89      0.88      0.88     26032

0.88356637984
Predicted     0     1     2     3     4     5     6     7     8     9
Actual
0          1481    31    28    18     5    16    58     8    11    88
1            56  4778    42    48    59    22    12    60    12    10
2             6    38  3863    79    40    37     4    31    19    32
3             8    52    54  2470    15   111    15    11    43   103
4            17    98    39    30  2207    36    12    12    13    59
5             6    18    21    96    14  2131    45     8    14    31
6            41    31    10    37    26   131  1599     6    64    32
7             6    83    51    18     6    23     4  1816     2    10
8            18    17    22   101    16    71    60     6  1283    66
9            36    20    76    27     1    31     8    11    12  1373
('epoch ', 0)
84.3389041424 seconds
alpha=0.001,0.45000000000000023 dropout
<torchvision.datasets.svhn.SVHN object at 0x7f7fa1d04c50>
             precision    recall  f1-score   support

          0       0.91      0.84      0.88      1744
          1       0.91      0.95      0.93      5099
          2       0.93      0.92      0.92      4149
          3       0.83      0.86      0.84      2882
          4       0.92      0.89      0.90      2523
          5       0.84      0.90      0.87      2384
          6       0.86      0.82      0.84      1977
          7       0.91      0.91      0.91      2019
          8       0.89      0.73      0.80      1660
          9       0.80      0.85      0.83      1595

avg / total       0.89      0.88      0.88     26032

0.884949293178
Predicted     0     1     2     3     4     5     6     7     8     9
Actual
0          1472    50    24    21     8     6    73    15    14    61
1            33  4855    31    33    53    13    14    52     7     8
2             9    52  3819    97    38    35     8    55     8    28
3             4    63    58  2476    15   108    16    14    37    91
4            11   110    34    41  2247    15    13    12     6    34
5             6    17    16   102    18  2137    40     6    16    26
6            29    38    16    49    34   114  1614     6    50    27
7             6    95    34    17     4    13     2  1839     0     9
8            17    24    22   122    19    76    98     6  1217    59
9            31    27    68    35     7    33     7    17     9  1361
('epoch ', 0)
84.4422531128 seconds
alpha=0.001,0.46000000000000024 dropout
<torchvision.datasets.svhn.SVHN object at 0x7f7fa1d04c50>
             precision    recall  f1-score   support

          0       0.86      0.88      0.87      1744
          1       0.93      0.93      0.93      5099
          2       0.92      0.93      0.92      4149
          3       0.88      0.82      0.85      2882
          4       0.90      0.89      0.90      2523
          5       0.85      0.89      0.87      2384
          6       0.85      0.85      0.85      1977
          7       0.91      0.90      0.91      2019
          8       0.84      0.79      0.81      1660
          9       0.77      0.85      0.81      1595

avg / total       0.89      0.88      0.88     26032

0.884757221881
Predicted     0     1     2     3     4     5     6     7     8     9
Actual
0          1528    26    27    10     4     9    61    11    17    51
1            63  4763    39    29    86    12    15    66    19     7
2             8    37  3845    47    42    40    17    51    21    41
3            13    48    68  2368    19   114    19    20    77   136
4            20    81    27    30  2253    27    23    12    15    35
5            10    18    21    96    21  2115    55     3    15    30
6            42    36    10    26    22    75  1680     4    56    26
7            11    71    49    12     5    32     4  1825     1     9
8            29    16    13    61    27    51    88     6  1305    64
9            48    15    73    21    12    27    14    16    19  1350
('epoch ', 0)
84.5036649704 seconds
alpha=0.001,0.47000000000000025 dropout
<torchvision.datasets.svhn.SVHN object at 0x7f7fa1d04c50>
             precision    recall  f1-score   support

          0       0.90      0.85      0.88      1744
          1       0.92      0.95      0.94      5099
          2       0.93      0.92      0.92      4149
          3       0.86      0.84      0.85      2882
          4       0.91      0.90      0.90      2523
          5       0.85      0.89      0.87      2384
          6       0.84      0.84      0.84      1977
          7       0.89      0.93      0.91      2019
          8       0.88      0.75      0.81      1660
          9       0.79      0.84      0.82      1595

avg / total       0.89      0.89      0.89     26032

0.886677934849
Predicted     0     1     2     3     4     5     6     7     8     9
Actual
0          1485    38    18    20     7    10    84    15    11    56
1            35  4860    26    26    53    10     9    67    10     3
2             5    44  3803    78    45    36     7    78    23    30
3             8    70    62  2427    15   105    13    22    43   117
4            10   108    24    23  2265    16    12    15     8    42
5             9    18    23    80    26  2114    68     7    12    27
6            31    39    11    37    39    84  1654    10    56    16
7             5    69    21    11     8    13     4  1882     0     6
8            20    24    21    94    23    61   106     8  1247    56
9            40    21    72    30    15    37     8    19     8  1345
('epoch ', 0)
84.6410768032 seconds
alpha=0.001,0.48000000000000026 dropout
<torchvision.datasets.svhn.SVHN object at 0x7f7fa1d04c50>
             precision    recall  f1-score   support

          0       0.91      0.85      0.88      1744
          1       0.92      0.94      0.93      5099
          2       0.92      0.93      0.92      4149
          3       0.84      0.84      0.84      2882
          4       0.92      0.89      0.90      2523
          5       0.84      0.89      0.86      2384
          6       0.86      0.83      0.85      1977
          7       0.88      0.92      0.90      2019
          8       0.89      0.72      0.80      1660
          9       0.76      0.86      0.80      1595

avg / total       0.88      0.88      0.88     26032

0.882644437615
Predicted     0     1     2     3     4     5     6     7     8     9
Actual
0          1489    35    25    21     5    12    55    25    11    66
1            29  4791    43    27    61    10    12   105    11    10
2             3    39  3846    64    32    35    15    59    16    40
3             5    59    61  2416    21   106    24    24    45   121
4             9   107    34    36  2248    18    15    17     7    32
5             5    19    23   109    22  2115    40     6    10    35
6            30    35    11    44    33   100  1650    10    37    27
7             3    71    30    16     6    13     4  1862     0    14
8            22    24    22   107    22    76    98     4  1193    92
9            34    23    82    29     4    26     9    13     8  1367
('epoch ', 0)
84.4489951134 seconds
alpha=0.001,0.49000000000000027 dropout
<torchvision.datasets.svhn.SVHN object at 0x7f7fa1d04c50>
             precision    recall  f1-score   support

          0       0.90      0.86      0.88      1744
          1       0.91      0.95      0.93      5099
          2       0.93      0.92      0.93      4149
          3       0.85      0.84      0.84      2882
          4       0.92      0.87      0.90      2523
          5       0.81      0.89      0.85      2384
          6       0.85      0.83      0.84      1977
          7       0.91      0.90      0.91      2019
          8       0.87      0.74      0.80      1660
          9       0.80      0.85      0.82      1595

avg / total       0.88      0.88      0.88     26032

0.882298709281
Predicted     0     1     2     3     4     5     6     7     8     9
Actual
0          1499    37    36    19     4    12    66    13     6    52
1            40  4828    30    34    57    17    13    64     9     7
2             6    66  3836    64    29    36    10    47    25    30
3             5    72    57  2413    16   136    18    19    51    95
4            13   110    32    33  2207    36    21    15    15    41
5             8    19    21    93    19  2125    52     4    17    26
6            37    38    10    34    28   114  1644     5    44    23
7             8    87    35    18     4    23     5  1827     4     8
8            25    25    14    99    26    85    93     3  1234    56
9            31    23    72    28     9    33    13    15    16  1355
